1 22
1 23
1 26
1 82
1 106
2 30
2 31
2 63
2 85
2 97
2 100
2 103
2 125
3 23
3 49
3 54
3 61
4 8
4 11
4 14
4 32
4 78
4 102
4 109
5 6
5 9
5 28
5 36
5 42
5 64
5 66
5 88
5 126
6 48
6 106
6 123
7 4
7 8
7 10
7 14
7 20
7 21
7 57
7 74
7 83
8 4
8 7
8 10
8 11
8 14
8 21
8 32
8 35
8 78
8 102
8 109
9 5
9 36
9 49
9 60
9 105
9 123
9 127
9 128
10 4
10 7
10 8
10 14
10 21
10 32
10 78
11 4
11 8
11 10
11 14
11 32
11 35
11 78
12 16
12 56
12 62
12 71
12 99
13 2
13 19
13 31
13 63
13 74
13 101
13 103
13 125
14 4
14 7
14 8
14 10
14 11
14 32
14 35
14 78
15 18
15 19
15 80
15 83
15 87
15 92
15 116
16 12
16 59
16 99
17 4
17 7
17 8
17 15
17 20
17 72
17 83
17 116
18 8
18 15
18 20
18 72
18 74
18 83
18 116
19 2
19 13
19 15
19 25
19 29
19 30
19 103
19 128
20 7
20 17
20 18
20 21
21 7
21 8
21 14
21 20
22 1
22 23
22 24
22 26
22 27
22 55
22 73
22 82
23 1
23 3
23 22
23 26
23 27
23 33
23 43
23 55
23 61
23 76
23 82
24 27
24 61
24 82
24 103
24 108
24 111
25 28
25 29
25 58
25 90
25 110
25 119
25 122
25 128
26 1
26 22
26 23
26 82
27 22
27 23
27 24
27 33
27 55
27 75
27 82
27 91
28 5
28 29
28 36
28 42
28 65
28 88
28 98
28 126
28 127
28 128
29 19
29 73
29 85
29 105
29 127
29 128
30 2
30 29
30 31
30 100
30 103
30 125
31 2
31 30
31 74
31 100
31 101
31 119
31 125
32 4
32 8
32 11
32 14
32 30
32 78
32 102
32 109
32 117
33 23
33 27
33 55
33 61
33 108
33 111
34 52
35 10
35 11
35 14
35 38
35 43
35 47
35 50
35 55
35 56
35 62
35 78
36 5
36 42
36 49
36 60
36 67
36 88
36 123
36 128
37 54
38 25
38 37
38 43
38 55
38 86
39 34
39 40
39 41
39 48
39 52
39 57
40 29
40 36
40 41
40 42
40 48
40 49
40 51
40 53
40 63
40 64
40 85
40 90
40 97
41 36
41 40
41 42
41 48
41 49
41 51
41 53
41 58
41 63
41 90
42 5
42 28
42 36
42 53
42 64
42 88
42 126
43 23
43 55
43 56
43 61
43 76
43 91
43 106
44 52
44 57
44 72
44 74
44 80
44 83
45 46
45 52
46 35
46 47
46 50
46 52
46 57
46 59
46 68
46 81
46 86
46 107
47 43
47 50
47 52
47 77
47 89
47 96
47 104
47 112
48 38
48 40
48 41
48 51
48 53
48 63
48 90
48 97
49 36
49 42
49 60
49 123
50 35
50 47
50 77
50 84
50 89
50 114
51 38
51 40
51 41
51 48
51 49
51 53
51 63
51 90
51 97
52 31
52 34
52 39
52 47
52 50
52 57
52 68
52 72
52 80
52 81
52 94
53 40
53 41
53 42
53 48
53 61
53 64
53 88
53 103
53 108
53 111
54 3
54 37
54 43
54 55
54 56
55 23
55 43
55 76
55 91
55 98
56 12
56 35
56 43
56 47
56 50
56 54
56 55
56 62
56 71
56 99
56 107
57 30
57 44
57 47
57 52
57 72
57 74
57 80
57 83
57 109
58 25
58 41
58 53
58 63
58 67
58 69
58 80
58 90
58 97
59 16
59 46
59 50
59 56
59 62
59 71
59 77
59 78
59 107
59 129
60 9
60 36
60 49
60 66
60 118
60 120
60 123
60 126
60 128
61 33
61 36
61 69
61 75
61 103
61 108
61 111
62 35
62 56
62 71
62 75
62 76
62 99
62 107
63 40
63 41
63 48
63 58
63 72
63 85
63 90
63 97
64 53
64 63
64 65
64 69
64 72
64 79
64 88
65 28
65 36
65 42
65 49
65 61
65 64
65 67
65 69
65 73
65 75
65 88
65 126
66 49
66 60
66 67
67 73
68 49
68 52
68 66
68 67
68 69
68 73
68 128
69 36
69 64
69 65
69 66
69 67
69 68
69 73
69 79
69 93
69 103
69 122
70 52
70 58
70 63
70 74
70 81
70 86
70 105
70 122
70 127
71 56
71 62
71 99
72 44
72 52
72 57
72 58
72 63
72 64
72 74
72 80
72 83
72 104
72 113
72 126
73 29
73 40
73 41
73 60
73 63
73 64
73 65
73 66
73 67
73 68
73 85
74 57
74 72
74 83
75 27
75 43
75 55
75 61
75 76
75 82
75 108
76 23
76 43
76 55
76 61
76 75
76 82
76 91
76 106
77 47
77 59
77 78
77 89
77 90
77 96
78 4
78 8
78 10
78 11
78 14
78 32
78 47
78 77
78 96
79 64
79 65
79 66
79 69
79 80
80 15
80 18
80 44
80 52
80 57
80 72
80 73
80 92
80 100
80 116
81 52
81 70
81 77
81 94
81 105
81 109
82 6
82 22
82 23
82 27
82 75
82 76
83 15
83 17
83 18
83 57
83 72
83 74
83 116
84 7
84 8
84 10
84 77
84 89
84 96
84 99
84 102
84 109
85 2
85 29
85 40
85 63
85 88
85 97
85 103
85 115
85 128
86 12
86 38
86 70
86 71
86 95
86 99
86 129
87 15
87 44
87 52
87 57
87 74
87 80
87 83
87 92
87 100
87 116
88 5
88 36
88 42
88 53
88 65
88 90
88 97
88 111
89 43
89 47
89 52
89 56
89 77
89 78
89 96
89 104
89 124
90 40
90 41
90 48
90 58
90 63
90 85
90 97
91 27
91 43
91 55
91 76
91 98
91 106
92 15
92 80
92 83
92 87
92 90
92 100
92 115
92 116
92 118
93 95
94 81
95 93
96 4
96 47
96 77
96 78
96 84
96 86
96 89
96 99
96 117
97 25
97 40
97 41
97 48
97 51
97 58
97 63
97 85
97 88
97 90
97 98
97 103
98 55
98 91
98 106
99 12
99 56
99 62
99 71
99 86
99 93
99 95
99 107
99 121
100 2
100 31
100 57
100 72
100 80
100 87
100 90
100 92
101 29
101 98
101 103
101 120
101 122
101 125
102 4
102 32
102 84
102 99
102 109
102 114
102 127
103 29
103 30
103 53
103 61
103 85
103 101
103 108
103 111
103 128
104 112
104 113
104 117
104 121
105 34
105 81
105 94
105 120
105 127
106 6
106 43
106 55
106 76
106 91
106 98
107 56
107 62
107 99
107 101
108 27
108 61
108 67
108 103
108 111
109 4
109 8
109 32
109 50
109 99
109 102
109 114
110 2
110 19
110 25
110 31
110 101
110 105
110 115
110 118
111 33
111 36
111 49
111 61
111 88
111 103
111 108
112 14
112 102
112 104
112 113
112 117
113 104
113 112
113 117
113 121
113 124
114 50
114 102
114 109
115 2
115 40
115 85
115 105
115 110
115 118
115 119
116 15
116 17
116 18
116 80
116 83
116 92
116 118
117 32
117 104
117 112
117 113
118 115
118 116
118 118
118 120
119 25
119 58
119 103
119 110
119 115
119 118
120 34
120 36
120 60
120 101
120 103
120 113
120 119
121 113
121 124
122 36
122 101
122 123
122 126
122 128
123 6
123 29
123 36
123 49
123 60
123 66
123 126
123 128
124 104
124 113
124 121
125 2
125 30
125 31
125 80
125 101
125 103
126 5
126 28
126 29
126 42
126 49
126 67
127 9
127 28
127 29
127 68
127 81
127 105
127 122
127 125
127 126
127 128
128 9
128 19
128 28
128 29
128 36
128 68
128 103
128 122
128 126
128 127
129 37
129 54
129 93
129 95
